502571
533744
505567
526842
528805
1707841
1712301
514580
502038
517031
505566
503707
503330
508746
512598
520342
518074
511867
514822
512861
515970
503983
532034
514172
505466
538728
506932
502710
1910412
526328
519436
507699
519286
247266
513671
516113
508396
504649
506048
251807
526837
505199
510053
515868
252626
530896
510049
514893
252682
519646
251254
519844
509238
510402
514548
511104
505867
513529
518430
513744
505563
516458
522183
521312
514170
526326
510902
521100
513204
503283
506869
254062
505858
252051
520266
510733
523151
501149
525525
539679
515388
248812
506193
517989
253107
513708
519044
